# number of ADC's 
56
# DECODING : ADC#   Det_Type   Det_id   Par#   Maxval  Minval
#   NOTES  : Det_Type = 0 reserved for header
#          : all numberings start from 0
#     
0	1	0  	 0	 8063        1
1	1	1  	 0	 8063	     1
2	1	2  	 0	 8063	     1
3	1	3  	 0	 8063	     1
4	1	4  	 0	 8063	     1
5	1	5 	 0	 8063	     1
6	1	6  	 0	 8063	     1
7	1	7  	 0	 8063	     1
8	1	8  	 0	 8063	     1
#9	1	9  	 0	 8063	     1
10      1       9 	 0	 8063	     1
11      1      10 	 0	 8063	     1
12      1      11 	 0	 8063	     1
13      1      12 	 0	 8063	     1
14      1      13 	 0	 8063	     1
#15      1      15 	 0	 8063	     1
16      2       0 	 0	 8063	     1
17      2       1 	 0	 8063	     1
18      2       2 	 0	 8063	     1
19      2       3 	 0	 8063	     1
20	2	4	 0 	 8063	     1
21	2	5	 0	 8063	     1 
22	2	6	 0	 8063	     1 
23	2	7	 0	 8063	     1
24	2	8	 0	 8063	     1
25	2	9	 0	 8063	     1
26	2      10	 0	 8063	     1
27	0	0	 0	 8063	     1
28	2	0	 1	 8063	     1
29	2	1	 1	 8063	     1
30	2	2	 1	 8063	     1
31	2	3	 1	 8063	     1
32	2	4  	 1	 8063	     1
33	2	5  	 1	 8063	     1 
34	2	6  	 1	 8063	     1 
35	2	7  	 1	 8063	     1
36	2	8  	 1	 8063	     1
37	2	9 	 1	 8063	     1
#38	2      10  	 1	 8063	     1
39	2      10  	 1	 8063	     1
40	1	0	 1	 3700	     1
41	1	1	 1	 3700	     1
42	1	2	 1	 3700	     1
43	1	3	 1	 3700	     1
44	1	4	 1	 3700	     1
45	1	5	 1	 3700	     1
46	1	6	 1	 3700	     1
47	1	7	 1	 3700	     1
48	1	8  	 1	 3700	     1
#49	1	9  	 1	 3700	     1
50      1       9 	 1	 3700	     1
51      1      10 	 1	 3700	     1
52      1      11 	 1	 3700	     1
53      1      12	 1	 3700	     1
54      1      13 	 1       3700	     1
#55      1      15 	 1	 3700	     1
