0	1 	1
0	2	2
0	3	3
0	4	4
1	2	5
1	3	6
1	4	7
2	3	8
2	4	9
3	4	10
0	5	11
0	6	12
0	7 	13
0	8	14
1	5	15
1	6	16
1	7	17
1	8	18
2	5	19
2	6	20
2	7	21
2	8	22
3	5	23
3	6	24
3	7	25
3	8	26
4	5	27
4	6	28
4	7	29
4	8	30
0	9	31
0	10	32
0	11	33
0	12	34
0	13	35
1	9	36
1	10	37
1	11	38
1	12	39
1	13	40
2	9	41
2	10	42
2	11	43
2	12	44	
2	13	45
3	9	46
3	10	47
3	11	48
3	12	49
3	13	50
4	9	51
4	10	52
4	11	53	
4	12	54
4	13	55
9	5	60
9	6	61
9	7	62
9	8	63
10	5	64
10	6	65
10	7	66
10	8	67
11	5	68
11	6	69
11	7	70
11	8	71
12	5	72
12	6	73
12	7	74
12	8	75
13	5	76
13	6	77
13	7	78
13	8	79
9	10	80
9	11	81
9	12	82
9	13	83
10	11	84
10	12	85
10	13	86
11	12	87
11	13	88
12	13	89
